BES (13.28N, -57.76E): 2020-02-09 00:00:00 to 2020-02-11 00:00:00
      z (m)            thl (K)        qt (kg kg-1)        u (m s-1)         v (m s-1)       tke (m2 s-2)    
+1.0000000000E+01 +2.9709561325E+02 +1.5789128840E-02 -9.4398298264E+00 -1.7431609631E+00 +1.0000000000E-01 
+3.0120000000E+01 +2.9706850256E+02 +1.5656460680E-02 -9.8636207201E+00 -1.8131559279E+00 +1.0000000000E-01 
+5.0481440000E+01 +2.9704787514E+02 +1.5550574462E-02 -1.0210120672E+01 -1.8680621036E+00 +1.0000000000E-01 
+7.1087217280E+01 +2.9703829186E+02 +1.5493748924E-02 -1.0407335096E+01 -1.8959988798E+00 +1.0000000000E-01 
+9.1940263887E+01 +2.9703333438E+02 +1.5457098254E-02 -1.0540730362E+01 -1.9124012091E+00 +1.0000000000E-01 
+1.1304354705E+02 +2.9703090085E+02 +1.5430584445E-02 -1.0643069767E+01 -1.9230924985E+00 +1.0000000000E-01 
+1.3440006962E+02 +2.9702991389E+02 +1.5408420280E-02 -1.0731889398E+01 -1.9312870071E+00 +1.0000000000E-01 
+1.5601287045E+02 +2.9703016876E+02 +1.5389470999E-02 -1.0810638442E+01 -1.9376147328E+00 +1.0000000000E-01 
+1.7788502490E+02 +2.9703146182E+02 +1.5374296308E-02 -1.0877804807E+01 -1.9414599788E+00 +1.0000000000E-01 
+2.0001964520E+02 +2.9703294563E+02 +1.5360281960E-02 -1.0942491402E+01 -1.9443881248E+00 +1.0000000000E-01 
+2.2241988094E+02 +2.9703459655E+02 +1.5347687954E-02 -1.1004066173E+01 -1.9462115981E+00 +1.0000000000E-01 
+2.4508891951E+02 +2.9703755046E+02 +1.5336664182E-02 -1.1063465206E+01 -1.9466236263E+00 +1.0000000000E-01 
+2.6802998655E+02 +2.9704128223E+02 +1.5325971554E-02 -1.1122973140E+01 -1.9464791182E+00 +1.0000000000E-01 
+2.9124634638E+02 +2.9704696618E+02 +1.5316115810E-02 -1.1183180629E+01 -1.9439560475E+00 +1.0000000000E-01 
+3.1474130254E+02 +2.9705416618E+02 +1.5306440855E-02 -1.1245045180E+01 -1.9401438018E+00 +1.0000000000E-01 
+3.3851819817E+02 +2.9706477178E+02 +1.5297483868E-02 -1.1310258596E+01 -1.9327747872E+00 +1.0000000000E-01 
+3.6258041655E+02 +2.9707589978E+02 +1.5282978142E-02 -1.1380096807E+01 -1.9213932745E+00 +1.0000000000E-01 
+3.8693138155E+02 +2.9708751668E+02 +1.5256390851E-02 -1.1459181318E+01 -1.9012878539E+00 +1.0000000000E-01 
+4.1157455813E+02 +2.9710407139E+02 +1.5220488085E-02 -1.1539739068E+01 -1.8734386711E+00 +1.0000000000E-01 
+4.3651345282E+02 +2.9713478639E+02 +1.5156209905E-02 -1.1622891856E+01 -1.8219511472E+00 +1.0000000000E-01 
+4.6175161426E+02 +2.9717318419E+02 +1.5082171354E-02 -1.1703240340E+01 -1.7645422257E+00 +1.0000000000E-01 
+4.8729263363E+02 +2.9734458304E+02 +1.4832858502E-02 -1.1710792140E+01 -1.6035564170E+00 +1.0000000000E-01 
+5.1314014523E+02 +2.9751880971E+02 +1.4580553896E-02 -1.1718434562E+01 -1.4406387786E+00 +1.0000000000E-01 
+5.3929782698E+02 +2.9770102475E+02 +1.4270371513E-02 -1.1750740322E+01 -1.2878864562E+00 +1.0000000000E-01 
+5.6576940090E+02 +2.9788820089E+02 +1.3935495831E-02 -1.1792828341E+01 -1.1379351287E+00 +1.0000000000E-01 
+5.9255863371E+02 +2.9805974155E+02 +1.3631912813E-02 -1.1839796971E+01 -1.0021660204E+00 +1.0000000000E-01 
+6.1966933731E+02 +2.9818266798E+02 +1.3421709795E-02 -1.1899351751E+01 -9.0867973802E-01 +1.0000000000E-01 
+6.4710536936E+02 +2.9830784179E+02 +1.3208984341E-02 -1.1959621188E+01 -8.1407162030E-01 +1.0000000000E-01 
+6.7487063380E+02 +2.9842073380E+02 +1.3048895399E-02 -1.2014216283E+01 -7.3762831556E-01 +1.0000000000E-01 
+7.0296908140E+02 +2.9852882294E+02 +1.2913154300E-02 -1.2066421408E+01 -6.6945413859E-01 +1.0000000000E-01 
+7.3140471038E+02 +2.9863900890E+02 +1.2775784307E-02 -1.2119252995E+01 -6.0046187150E-01 +1.0000000000E-01 
+7.6018156690E+02 +2.9876247984E+02 +1.2607689191E-02 -1.2180450350E+01 -5.3823865328E-01 +1.0000000000E-01 
+7.8930374570E+02 +2.9888879839E+02 +1.2436264820E-02 -1.2242730978E+01 -4.7561157639E-01 +1.0000000000E-01 
+8.1877539065E+02 +2.9901684520E+02 +1.2261721812E-02 -1.2305499592E+01 -4.1327034919E-01 +1.0000000000E-01 
+8.4860069534E+02 +2.9914141332E+02 +1.2075824717E-02 -1.2366758908E+01 -3.5922977300E-01 +1.0000000000E-01 
+8.7878390369E+02 +2.9926840153E+02 +1.1887696857E-02 -1.2428753337E+01 -3.0454070989E-01 +1.0000000000E-01 
+9.0932931053E+02 +2.9939597060E+02 +1.1702200084E-02 -1.2487290126E+01 -2.5126289824E-01 +1.0000000000E-01 
+9.4024126226E+02 +2.9951194808E+02 +1.1550746545E-02 -1.2515357445E+01 -2.1268490294E-01 +1.0000000000E-01 
+9.7152415740E+02 +2.9963028993E+02 +1.1397475563E-02 -1.2543761572E+01 -1.7364397169E-01 +1.0000000000E-01 
+1.0031824473E+03 +2.9975099494E+02 +1.1242672420E-02 -1.2572225476E+01 -1.3425757528E-01 +1.0000000000E-01 
+1.0352206367E+03 +2.9986580327E+02 +1.1127776490E-02 -1.2562804528E+01 -1.1113031500E-01 +1.0000000000E-01 
+1.0676432843E+03 +2.9998302762E+02 +1.1011501810E-02 -1.2553270528E+01 -8.7725527593E-02 +1.0000000000E-01 
+1.1004550037E+03 +3.0010273143E+02 +1.0893831833E-02 -1.2543622120E+01 -6.4039882741E-02 +1.0000000000E-01 
+1.1336604638E+03 +3.0022231364E+02 +1.0788105452E-02 -1.2522369834E+01 -4.9572560452E-02 +1.0000000000E-01 
+1.1672643893E+03 +3.0034365129E+02 +1.0685125900E-02 -1.2497408475E+01 -3.7788696041E-02 +1.0000000000E-01 
+1.2012715620E+03 +3.0046760173E+02 +1.0580910594E-02 -1.2472147579E+01 -2.5863425256E-02 +1.0000000000E-01 
+1.2356868207E+03 +3.0059329837E+02 +1.0483895134E-02 -1.2444453683E+01 -1.8488748214E-02 +1.0000000000E-01 
+1.2705150626E+03 +3.0072036400E+02 +1.0397946493E-02 -1.2413344727E+01 -1.7819150257E-02 +1.0000000000E-01 
+1.3057612433E+03 +3.0085020410E+02 +1.0310966469E-02 -1.2381862462E+01 -1.7141517124E-02 +1.0000000000E-01 
+1.3414303783E+03 +3.0098289451E+02 +1.0222942684E-02 -1.2350002411E+01 -1.6455752394E-02 +1.0000000000E-01 
+1.3775275428E+03 +3.0111610987E+02 +1.0151317890E-02 -1.2324883550E+01 -2.4795963457E-02 +1.0000000000E-01 
+1.4140578733E+03 +3.0125209312E+02 +1.0080134566E-02 -1.2299994189E+01 -3.3909590426E-02 +1.0000000000E-01 
+1.4510265678E+03 +3.0139110179E+02 +1.0008097043E-02 -1.2274806156E+01 -4.3132580919E-02 +1.0000000000E-01 
+1.4884388866E+03 +3.0153213457E+02 +9.9406685178E-03 -1.2249736209E+01 -5.6076136180E-02 +1.0000000000E-01 
+1.5263001532E+03 +3.0167414565E+02 +9.8834129358E-03 -1.2225208811E+01 -7.6417999747E-02 +1.0000000000E-01 
+1.5646157551E+03 +3.0181936245E+02 +9.8254702869E-03 -1.2200387085E+01 -9.7003965676E-02 +1.0000000000E-01 
+1.6033911441E+03 +3.0196787592E+02 +9.7668323261E-03 -1.2175267498E+01 -1.1783696320E-01 +1.0000000000E-01 
+1.6426318379E+03 +3.0212187310E+02 +9.7040929662E-03 -1.2142863454E+01 -1.4428804275E-01 +1.0000000000E-01 
+1.6823434199E+03 +3.0228065775E+02 +9.6384979300E-03 -1.2105748892E+01 -1.7437874939E-01 +1.0000000000E-01 
+1.7225315410E+03 +3.0244304512E+02 +9.5721157533E-03 -1.2068188955E+01 -2.0483054452E-01 +1.0000000000E-01 
+1.7632019195E+03 +3.0260913871E+02 +9.5049369906E-03 -1.2030178299E+01 -2.3564776119E-01 +1.0000000000E-01 
+1.8043603425E+03 +3.0278247440E+02 +9.4050295008E-03 -1.1987256214E+01 -2.6421482386E-01 +1.0000000000E-01 
+1.8460126666E+03 +3.0296063943E+02 +9.2956376772E-03 -1.1942662700E+01 -2.9244468561E-01 +1.0000000000E-01 
+1.8881648186E+03 +3.0314286559E+02 +9.1849331517E-03 -1.1897534063E+01 -3.2101330571E-01 +1.0000000000E-01 
+1.9308227964E+03 +3.0332927108E+02 +9.0729001718E-03 -1.1851863882E+01 -3.4992474924E-01 +1.0000000000E-01 
+1.9739926700E+03 +3.0351393318E+02 +8.9591212658E-03 -1.1794527553E+01 -3.7678633987E-01 +1.0000000000E-01 
+2.0176805820E+03 +3.0370204653E+02 +8.8439213696E-03 -1.1734962463E+01 -4.0363812722E-01 +1.0000000000E-01 
+2.0618927490E+03 +3.0389456167E+02 +8.7273390747E-03 -1.1674682592E+01 -4.3081213602E-01 +1.0000000000E-01 
+2.1066354620E+03 +3.0409161028E+02 +8.6093577923E-03 -1.1613679363E+01 -4.5831223293E-01 +1.0000000000E-01 
+2.1519150875E+03 +3.0428612576E+02 +8.4815772004E-03 -1.1539032757E+01 -4.6091346486E-01 +1.0000000000E-01 
+2.1977380686E+03 +3.0448438853E+02 +8.3512227908E-03 -1.1461888011E+01 -4.6041484653E-01 +1.0000000000E-01 
+2.2441109254E+03 +3.0468741849E+02 +8.2193041282E-03 -1.1383817528E+01 -4.5991024477E-01 +1.0000000000E-01 
+2.2910402565E+03 +3.0489536231E+02 +8.0858024417E-03 -1.1304810200E+01 -4.5939958779E-01 +1.0000000000E-01 
+2.3385327396E+03 +3.0515283914E+02 +7.9033932810E-03 -1.1198562663E+01 -4.3075015647E-01 +1.0000000000E-01 
+2.3865951325E+03 +3.0542438158E+02 +7.7100428738E-03 -1.1086175653E+01 -3.9655190026E-01 +1.0000000000E-01 
+2.4352342741E+03 +3.0570204197E+02 +7.5143722618E-03 -1.0972440000E+01 -3.6194326499E-01 +1.0000000000E-01 
+2.4844570853E+03 +3.0598600235E+02 +7.3163536024E-03 -1.0857339518E+01 -3.2691932609E-01 +1.0000000000E-01 
+2.5342705704E+03 +3.0634589639E+02 +7.0233244230E-03 -1.0681843044E+01 -2.7826005063E-01 +1.0000000000E-01 
+2.5846818172E+03 +3.0673625051E+02 +6.6964167594E-03 -1.0484897722E+01 -2.2468545407E-01 +1.0000000000E-01 
+2.6356979990E+03 +3.0713482369E+02 +6.3655862039E-03 -1.0285589057E+01 -1.7046796236E-01 +1.0000000000E-01 
+2.6873263750E+03 +3.0754185044E+02 +6.0307856817E-03 -1.0083888688E+01 -1.1559986075E-01 +1.0000000000E-01 
+2.7395742915E+03 +3.0790859160E+02 +5.6894213457E-03 -9.8210983604E+00 -4.1747664142E-02 +1.0000000000E-01 
+2.7924491830E+03 +3.0825433563E+02 +5.3424517465E-03 -9.5203867712E+00 +4.3850617881E-02 +1.0000000000E-01 
+2.8459585732E+03 +3.0860792306E+02 +4.9913185120E-03 -9.2160666429E+00 +1.3047607929E-01 +1.0000000000E-01 
+2.9001100761E+03 +3.0896959345E+02 +4.6359716787E-03 -8.9080946731E+00 +2.1814104623E-01 +1.0000000000E-01 
+2.9549113970E+03 +3.0928066727E+02 +4.3851555177E-03 -8.6081318937E+00 +2.9060072910E-01 +1.0000000000E-01 
+3.0103703338E+03 +3.0953544087E+02 +4.2490041639E-03 -8.3172297579E+00 +3.4634575672E-01 +1.0000000000E-01 
+3.0664947778E+03 +3.0979696759E+02 +4.1112189939E-03 -8.0228367966E+00 +4.0275972468E-01 +1.0000000000E-01 
+3.1232927151E+03 +3.1006547825E+02 +3.9717804018E-03 -7.7249111196E+00 +4.5985066025E-01 +1.0000000000E-01 
+3.1807722277E+03 +3.1031648641E+02 +3.8507915360E-03 -7.4100465452E+00 +4.7223689699E-01 +1.0000000000E-01 
+3.2389414944E+03 +3.1052253314E+02 +3.7705354507E-03 -7.0633885367E+00 +3.8961929252E-01 +1.0000000000E-01 
+3.2978087923E+03 +3.1073491757E+02 +3.6893162924E-03 -6.7125706321E+00 +3.0601027680E-01 +1.0000000000E-01 
+3.3573824978E+03 +3.1095387674E+02 +3.6071225042E-03 -6.3575429127E+00 +2.2139795289E-01 +1.0000000000E-01 
+3.4176710878E+03 +3.1118212193E+02 +3.5134557444E-03 -5.9935017576E+00 +1.1220212569E-01 +1.0000000000E-01 
+3.4786831409E+03 +3.1142987617E+02 +3.3655876158E-03 -5.6010346368E+00 -1.1759248979E-01 +1.0000000000E-01 
+3.5404273386E+03 +3.1168503564E+02 +3.2159450696E-03 -5.2038579106E+00 -3.5014464066E-01 +1.0000000000E-01 
+3.6029124666E+03 +3.1194787754E+02 +3.0645068129E-03 -4.8019150636E+00 -5.8548741733E-01 +1.0000000000E-01 
+3.6661474162E+03 +3.1221885854E+02 +2.9113430620E-03 -4.3968054257E+00 -8.2495077933E-01 +1.0000000000E-01 
+3.7301411852E+03 +3.1251164032E+02 +2.7638382210E-03 -4.1221668611E+00 -1.1732051110E+00 +1.0000000000E-01 
+3.7949028794E+03 +3.1281301315E+02 +2.6145633220E-03 -3.8442326336E+00 -1.5256384947E+00 +1.0000000000E-01 
+3.8604417140E+03 +3.1312330045E+02 +2.4634971242E-03 -3.5629631955E+00 -1.8823010790E+00 +1.0000000000E-01 
+3.9267670146E+03 +3.1344284105E+02 +2.3106181320E-03 -3.2783185240E+00 -2.2432436143E+00 +1.0000000000E-01 
+3.9938882187E+03 +3.1367310509E+02 +2.2426462558E-03 -3.2014766160E+00 -2.5706135070E+00 +1.0000000000E-01 
+4.0618148774E+03 +3.1389627945E+02 +2.1871329189E-03 -3.1560356767E+00 -2.8961113417E+00 +1.0000000000E-01 
+4.1305566559E+03 +3.1412759403E+02 +2.1309534221E-03 -3.1100494461E+00 -3.2255151505E+00 +1.0000000000E-01 
+4.2001233358E+03 +3.1436739348E+02 +2.0740997712E-03 -3.0635113808E+00 -3.5588718050E+00 +1.0000000000E-01 
+4.2705248158E+03 +3.1454891969E+02 +1.9703997638E-03 -3.1299331901E+00 -3.7911288779E+00 +1.0000000000E-01 
+4.3417711136E+03 +3.1471443455E+02 +1.8491019982E-03 -3.2373652443E+00 -3.9889420445E+00 +1.0000000000E-01 
+4.4138723669E+03 +3.1488768117E+02 +1.7263486594E-03 -3.3460864832E+00 -4.1891289692E+00 +1.0000000000E-01 
+4.4868388354E+03 +3.1506902062E+02 +1.6021222805E-03 -3.4561123770E+00 -4.3917181370E+00 +1.0000000000E-01 
+4.5606809014E+03 +3.1540713608E+02 +1.4433316781E-03 -3.5790085798E+00 -4.6411013042E+00 +1.0000000000E-01 
+4.6354090722E+03 +3.1584440376E+02 +1.2630559623E-03 -3.7102171746E+00 -4.9197400712E+00 +1.0000000000E-01 
+4.7110339811E+03 +3.1629472134E+02 +1.0806169379E-03 -3.8430002725E+00 -5.2017225035E+00 +1.0000000000E-01 
+4.7875663888E+03 +3.1675861204E+02 +8.9598864514E-04 -3.9773767676E+00 -5.4870887250E+00 +1.0000000000E-01 
+4.8650171855E+03 +3.1727026301E+02 +7.5062191673E-04 -4.0379149232E+00 -5.8434169675E+00 +1.0000000000E-01 
+4.9433973917E+03 +3.1782658373E+02 +6.4011006095E-04 -4.0326019240E+00 -6.2636161502E+00 +1.0000000000E-01 
+5.0227181604E+03 +3.1839881406E+02 +5.2827206290E-04 -4.0272251688E+00 -6.6888577230E+00 +1.0000000000E-01 
+5.1029907784E+03 +3.1898758778E+02 +4.1509200887E-04 -4.0217838926E+00 -7.1192021947E+00 +1.0000000000E-01 
+5.1842266677E+03 +3.1948237949E+02 +3.3430512194E-04 -4.0281237658E+00 -7.5276234692E+00 +1.0000000000E-01 
+5.2664373877E+03 +3.1985379348E+02 +2.9458381806E-04 -4.0492936738E+00 -7.9072103366E+00 +1.0000000000E-01 
+5.3496346364E+03 +3.2023871067E+02 +2.5438585854E-04 -4.0707176206E+00 -8.2913522465E+00 +1.0000000000E-01 
+5.4338302520E+03 +3.2063774496E+02 +2.1370552350E-04 -4.0923986548E+00 -8.6801038592E+00 +1.0000000000E-01 
+5.5190362150E+03 +3.2099940708E+02 +1.8222153498E-04 -4.1460138551E+00 -9.1261922781E+00 +1.0000000000E-01 
+5.6052646496E+03 +3.2128836017E+02 +1.6643069104E-04 -4.2528338186E+00 -9.6650399077E+00 +1.0000000000E-01 
+5.6925278254E+03 +3.2159027039E+02 +1.5045035697E-04 -4.3609356217E+00 -1.0210353709E+01 +1.0000000000E-01 
+5.7808381593E+03 +3.2190578499E+02 +1.3427825890E-04 -4.4703346464E+00 -1.0762211276E+01 +1.0000000000E-01 
+5.8702082172E+03 +3.2222264085E+02 +1.2040367963E-04 -4.4839491169E+00 -1.1356029493E+01 +1.0000000000E-01 
+5.9606507158E+03 +3.2252720661E+02 +1.1146441803E-04 -4.2989086792E+00 -1.2029332994E+01 +1.0000000000E-01 
+6.0521785244E+03 +3.2284607489E+02 +1.0241788529E-04 -4.1116477564E+00 -1.2710716137E+01 +1.0000000000E-01 
+6.1448046667E+03 +3.2317998658E+02 +9.3262794162E-05 -3.9221397024E+00 -1.3400275879E+01 +1.0000000000E-01 
+6.2385423227E+03 +3.2348985375E+02 +8.5573555716E-05 -3.6204651574E+00 -1.3991843496E+01 +1.0000000000E-01 
+6.3334048306E+03 +3.2372315047E+02 +8.1413243511E-05 -3.0626233700E+00 -1.4346294777E+01 +1.0000000000E-01 
+6.4294056885E+03 +3.2397061112E+02 +7.7203007560E-05 -2.4980874812E+00 -1.4704999472E+01 +1.0000000000E-01 
+6.5265585568E+03 +3.2423303769E+02 +7.2942248777E-05 -1.9267771617E+00 -1.5068008624E+01 +1.0000000000E-01 
+6.6248772595E+03 +3.2446283489E+02 +6.9085051001E-05 -1.3736441850E+00 -1.5344285728E+01 +1.0000000000E-01 
+6.7243757866E+03 +3.2459622406E+02 +6.6225151192E-05 -8.7132838386E-01 -1.5414816705E+01 +1.0000000000E-01 
+6.8250682960E+03 +3.2474320174E+02 +6.3330932585E-05 -3.6298479310E-01 -1.5486194053E+01 +1.0000000000E-01 
+6.9269691156E+03 +3.2490462780E+02 +6.0401983354E-05 +1.5145892075E-01 -1.5558427929E+01 +1.0000000000E-01 
+7.0300927450E+03 +3.2505071920E+02 +5.7898626680E-05 +6.0358152178E-01 -1.5597258084E+01 +1.0000000000E-01 
+7.1344538579E+03 +3.2514968231E+02 +5.6294588077E-05 +9.2296949359E-01 -1.5567427135E+01 +1.0000000000E-01 
+7.2400673042E+03 +3.2526306001E+02 +5.4671301010E-05 +1.2461901211E+00 -1.5537238214E+01 +1.0000000000E-01 
+7.3469481119E+03 +3.2539182591E+02 +5.3028534498E-05 +1.5732893961E+00 -1.5506687026E+01 +1.0000000000E-01 
+7.4551114892E+03 +3.2556088215E+02 +5.1246120360E-05 +1.8923787015E+00 -1.5452153749E+01 +1.0000000000E-01 
+7.5645728271E+03 +3.2578522941E+02 +4.9251343535E-05 +2.1962925103E+00 -1.5359362735E+01 +1.0000000000E-01 
+7.6753477010E+03 +3.2602824346E+02 +4.7232629388E-05 +2.5038532849E+00 -1.5265458228E+01 +1.0000000000E-01 
+7.7874518734E+03 +3.2629114333E+02 +4.5189690671E-05 +2.8151047887E+00 -1.5170426867E+01 +1.0000000000E-01 
+7.9009012959E+03 +3.2661214534E+02 +4.2597952013E-05 +3.1535112807E+00 -1.5059473072E+01 +1.0000000000E-01 
+8.0157121114E+03 +3.2699889802E+02 +3.9358664075E-05 +3.5235156056E+00 -1.4929807244E+01 +1.0000000000E-01 
+8.1319006568E+03 +3.2740971066E+02 +3.6080504681E-05 +3.8979599824E+00 -1.4798585426E+01 +1.0000000000E-01 
+8.2494834647E+03 +3.2784611671E+02 +3.2763007375E-05 +4.2768976917E+00 -1.4665788946E+01 +1.0000000000E-01 
