<xarray.DataArray 'domain' (domain: 1)>
array(['BES'], dtype='<U3')
Coordinates:
  * domain   (domain) <U3 'BES' (13.28N, -57.76E): 2020-02-05 00:00:00 to 2020-02-05 12:00:00
      z (m)            thl (K)        qt (kg kg-1)        u (m s-1)         v (m s-1)       tke (m2 s-2)    
+1.0000000000E+01 +2.9785599759E+02 +1.4630927704E-02 -6.7123937607E+00 -3.5498867035E+00 +1.0000000000E-01 
+3.0120000000E+01 +2.9784395766E+02 +1.4466120758E-02 -6.9728929745E+00 -3.6807308767E+00 +1.0000000000E-01 
+5.0481440000E+01 +2.9783422699E+02 +1.4335082250E-02 -7.1833041188E+00 -3.7847119185E+00 +1.0000000000E-01 
+7.1087217280E+01 +2.9782880333E+02 +1.4266427378E-02 -7.2980399169E+00 -3.8388722936E+00 +1.0000000000E-01 
+9.1940263887E+01 +2.9782487693E+02 +1.4223161394E-02 -7.3726147544E+00 -3.8719391832E+00 +1.0000000000E-01 
+1.1304354705E+02 +2.9782160505E+02 +1.4191744569E-02 -7.4279707142E+00 -3.8951069258E+00 +1.0000000000E-01 
+1.3440006962E+02 +2.9781882515E+02 +1.4165745784E-02 -7.4744475761E+00 -3.9138301096E+00 +1.0000000000E-01 
+1.5601287045E+02 +2.9781651528E+02 +1.4143923816E-02 -7.5140370499E+00 -3.9291648664E+00 +1.0000000000E-01 
+1.7788502490E+02 +2.9781455757E+02 +1.4126538980E-02 -7.5459252747E+00 -3.9405896961E+00 +1.0000000000E-01 
+2.0001964520E+02 +2.9781276314E+02 +1.4110517112E-02 -7.5756485053E+00 -3.9506818250E+00 +1.0000000000E-01 
+2.2241988094E+02 +2.9781109541E+02 +1.4096215154E-02 -7.6026391055E+00 -3.9591011072E+00 +1.0000000000E-01 
+2.4508891951E+02 +2.9780927027E+02 +1.4083708738E-02 -7.6263921920E+00 -3.9657830342E+00 +1.0000000000E-01 
+2.6802998655E+02 +2.9780763868E+02 +1.4071648017E-02 -7.6493191321E+00 -3.9719748492E+00 +1.0000000000E-01 
+2.9124634638E+02 +2.9780586448E+02 +1.4060979560E-02 -7.6693449714E+00 -3.9766412096E+00 +1.0000000000E-01 
+3.1474130254E+02 +2.9780444485E+02 +1.4050521721E-02 -7.6892381880E+00 -3.9809484551E+00 +1.0000000000E-01 
+3.3851819817E+02 +2.9780334496E+02 +1.4041029508E-02 -7.7081685051E+00 -3.9839698667E+00 +1.0000000000E-01 
+3.6258041655E+02 +2.9780257894E+02 +1.4031576871E-02 -7.7267477975E+00 -3.9865933302E+00 +1.0000000000E-01 
+3.8693138155E+02 +2.9780205063E+02 +1.4022398772E-02 -7.7440885170E+00 -3.9881507069E+00 +1.0000000000E-01 
+4.1157455813E+02 +2.9780178012E+02 +1.4013246632E-02 -7.7613802077E+00 -3.9895574044E+00 +1.0000000000E-01 
+4.3651345282E+02 +2.9780129135E+02 +1.4004495432E-02 -7.7779144442E+00 -3.9903453506E+00 +1.0000000000E-01 
+4.6175161426E+02 +2.9780125254E+02 +1.3995638693E-02 -7.7946414258E+00 -3.9911165389E+00 +1.0000000000E-01 
+4.8729263363E+02 +2.9780101465E+02 +1.3986637504E-02 -7.8111580653E+00 -3.9899951631E+00 +1.0000000000E-01 
+5.1314014523E+02 +2.9780126353E+02 +1.3977528301E-02 -7.8278729045E+00 -3.9888603307E+00 +1.0000000000E-01 
+5.3929782698E+02 +2.9780171349E+02 +1.3967291538E-02 -7.8449235880E+00 -3.9859164908E+00 +1.0000000000E-01 
+5.6576940090E+02 +2.9780254565E+02 +1.3956468256E-02 -7.8622404753E+00 -3.9821197640E+00 +1.0000000000E-01 
+5.9255863371E+02 +2.9780399495E+02 +1.3944100997E-02 -7.8799007405E+00 -3.9770907867E+00 +1.0000000000E-01 
+6.1966933731E+02 +2.9780625529E+02 +1.3926916564E-02 -7.8982205424E+00 -3.9680834989E+00 +1.0000000000E-01 
+6.4710536936E+02 +2.9780910472E+02 +1.3909525918E-02 -7.9167601820E+00 -3.9589681235E+00 +1.0000000000E-01 
+6.7487063380E+02 +2.9781562763E+02 +1.3873234888E-02 -7.9359093768E+00 -3.9412825407E+00 +1.0000000000E-01 
+7.0296908140E+02 +2.9782449941E+02 +1.3826304499E-02 -7.9554996701E+00 -3.9187659365E+00 +1.0000000000E-01 
+7.3140471038E+02 +2.9783409801E+02 +1.3778810945E-02 -7.9753250469E+00 -3.8959791331E+00 +1.0000000000E-01 
+7.6018156690E+02 +2.9786963351E+02 +1.3642362709E-02 -7.9914582959E+00 -3.8316259235E+00 +1.0000000000E-01 
+7.8930374570E+02 +2.9790813372E+02 +1.3497834232E-02 -8.0074986616E+00 -3.7634903993E+00 +1.0000000000E-01 
+8.1877539065E+02 +2.9795243801E+02 +1.3335355094E-02 -8.0227328207E+00 -3.6889708735E+00 +1.0000000000E-01 
+8.4860069534E+02 +2.9804689129E+02 +1.2999395544E-02 -8.0275859789E+00 -3.5546779072E+00 +1.0000000000E-01 
+8.7878390369E+02 +2.9814334755E+02 +1.2659404478E-02 -8.0324973749E+00 -3.4187734253E+00 +1.0000000000E-01 
+9.0932931053E+02 +2.9824302993E+02 +1.2311985614E-02 -8.0354472045E+00 -3.2796700532E+00 +1.0000000000E-01 
+9.4024126226E+02 +2.9835410860E+02 +1.1933894593E-02 -8.0224374624E+00 -3.1264843464E+00 +1.0000000000E-01 
+9.7152415740E+02 +2.9846748648E+02 +1.1551266479E-02 -8.0092716033E+00 -2.9714604111E+00 +1.0000000000E-01 
+1.0031824473E+03 +2.9858306035E+02 +1.1165891586E-02 -7.9957932024E+00 -2.8148755522E+00 +1.0000000000E-01 
+1.0352206367E+03 +2.9868759937E+02 +1.0928279453E-02 -7.9693862412E+00 -2.6811407755E+00 +1.0000000000E-01 
+1.0676432843E+03 +2.9879441392E+02 +1.0687815975E-02 -7.9426623965E+00 -2.5458011815E+00 +1.0000000000E-01 
+1.1004550037E+03 +2.9890356526E+02 +1.0444466935E-02 -7.9156178656E+00 -2.4088375124E+00 +1.0000000000E-01 
+1.1336604638E+03 +2.9905017213E+02 +1.0189616769E-02 -7.8877890860E+00 -2.2595358465E+00 +1.0000000000E-01 
+1.1672643893E+03 +2.9920929285E+02 +9.9293687924E-03 -7.8595010192E+00 -2.1055267043E+00 +1.0000000000E-01 
+1.2012715620E+03 +2.9937156813E+02 +9.6659978401E-03 -7.8308734955E+00 -1.9496694523E+00 +1.0000000000E-01 
+1.2356868207E+03 +2.9954054620E+02 +9.4007532024E-03 -7.7981881502E+00 -1.7881629229E+00 +1.0000000000E-01 
+1.2705150626E+03 +2.9971733743E+02 +9.1339800263E-03 -7.7603351104E+00 -1.6198596613E+00 +1.0000000000E-01 
+1.3057612433E+03 +2.9989761909E+02 +8.8640055722E-03 -7.7220278342E+00 -1.4495367606E+00 +1.0000000000E-01 
+1.3414303783E+03 +3.0008147950E+02 +8.5907914245E-03 -7.6832608707E+00 -1.2771699850E+00 +1.0000000000E-01 
+1.3775275428E+03 +3.0028498380E+02 +8.3318099097E-03 -7.6334783700E+00 -1.1139156620E+00 +1.0000000000E-01 
+1.4140578733E+03 +3.0049292980E+02 +8.0702452942E-03 -7.5827823661E+00 -9.4903729219E-01 +1.0000000000E-01 
+1.4510265678E+03 +3.0070494433E+02 +7.8055419034E-03 -7.5314780101E+00 -7.8218038196E-01 +1.0000000000E-01 
+1.4884388866E+03 +3.0092134875E+02 +7.5553060510E-03 -7.4797425541E+00 -6.3889484169E-01 +1.0000000000E-01 
+1.5263001532E+03 +3.0114236193E+02 +7.3306016521E-03 -7.4276847350E+00 -5.3524822521E-01 +1.0000000000E-01 
+1.5646157551E+03 +3.0136773195E+02 +7.1032008005E-03 -7.3750022221E+00 -4.3035784934E-01 +1.0000000000E-01 
+1.6033911441E+03 +3.0159757029E+02 +6.8730711387E-03 -7.3216875190E+00 -3.2420878896E-01 +1.0000000000E-01 
+1.6426318379E+03 +3.0185009086E+02 +6.6143239641E-03 -7.2987163425E+00 -2.9194607717E-01 +1.0000000000E-01 
+1.6823434199E+03 +3.0211629289E+02 +6.3399888312E-03 -7.2904279348E+00 -2.9558276094E-01 +1.0000000000E-01 
+1.7225315410E+03 +3.0238767441E+02 +6.0623616766E-03 -7.2820400661E+00 -2.9926308492E-01 +1.0000000000E-01 
+1.7632019195E+03 +3.0266436749E+02 +5.7814029962E-03 -7.2735515430E+00 -3.0298757278E-01 +1.0000000000E-01 
+1.8043603425E+03 +3.0302674704E+02 +5.3893014951E-03 -7.3579479210E+00 -3.8343927435E-01 +1.0000000000E-01 
+1.8460126666E+03 +3.0340962606E+02 +4.9740154965E-03 -7.4593012644E+00 -4.7800495726E-01 +1.0000000000E-01 
+1.8881648186E+03 +3.0379959203E+02 +4.5537460659E-03 -7.5618708480E+00 -5.7370542836E-01 +1.0000000000E-01 
+1.9308227964E+03 +3.0419681864E+02 +4.1284334021E-03 -7.6656712665E+00 -6.7055430512E-01 +1.0000000000E-01 
+1.9739926700E+03 +3.0469943871E+02 +3.6734437387E-03 -7.7686353107E+00 -8.0866572804E-01 +1.0000000000E-01 
+2.0176805820E+03 +3.0521813778E+02 +3.2112233884E-03 -7.8726848907E+00 -9.5132422229E-01 +1.0000000000E-01 
+2.0618927490E+03 +3.0574616459E+02 +2.7434563938E-03 -7.9779830656E+00 -1.0956946185E+00 +1.0000000000E-01 
+2.1066354620E+03 +3.0628374266E+02 +2.2700761954E-03 -8.0845448187E+00 -1.2417974594E+00 +1.0000000000E-01 
+2.1519150875E+03 +3.0680898458E+02 +2.0071096440E-03 -8.0778146875E+00 -1.3893043268E+00 +1.0000000000E-01 
+2.1977380686E+03 +3.0734204893E+02 +1.7582618805E-03 -8.0618451167E+00 -1.5385533612E+00 +1.0000000000E-01 
+2.2441109254E+03 +3.0788491088E+02 +1.5064279439E-03 -8.0456839112E+00 -1.6895933840E+00 +1.0000000000E-01 
+2.2910402565E+03 +3.0843781238E+02 +1.2515720000E-03 -8.0293287711E+00 -1.8424458871E+00 +1.0000000000E-01 
+2.3385327396E+03 +3.0885222262E+02 +1.1690790098E-03 -7.9326103887E+00 -1.9139990699E+00 +1.0000000000E-01 
+2.3865951325E+03 +3.0924829142E+02 +1.1168271258E-03 -7.8204589010E+00 -1.9716102546E+00 +1.0000000000E-01 
+2.4352342741E+03 +3.0965235428E+02 +1.0639482193E-03 -7.7069615954E+00 -2.0299127735E+00 +1.0000000000E-01 
+2.4844570853E+03 +3.1006462883E+02 +1.0104347659E-03 -7.5921023221E+00 -2.0889149226E+00 +1.0000000000E-01 
+2.5342705704E+03 +3.1036690654E+02 +9.8599907696E-04 -7.4775589087E+00 -2.1307231591E+00 +1.0000000000E-01 
+2.5846818172E+03 +3.1062997013E+02 +9.7278733804E-04 -7.3622975058E+00 -2.1660956674E+00 +1.0000000000E-01 
+2.6356979990E+03 +3.1089926906E+02 +9.5941705824E-04 -7.2456529661E+00 -2.2018926458E+00 +1.0000000000E-01 
+2.6873263750E+03 +3.1117499718E+02 +9.4588633509E-04 -7.1276086919E+00 -2.2381191880E+00 +1.0000000000E-01 
+2.7395742915E+03 +3.1142130767E+02 +9.3974813874E-04 -7.0121679205E+00 -2.2757586327E+00 +1.0000000000E-01 
+2.7924491830E+03 +3.1164547157E+02 +9.3946462675E-04 -6.8984963892E+00 -2.3146173337E+00 +1.0000000000E-01 
+2.8459585732E+03 +3.1187555945E+02 +9.3917771262E-04 -6.7834607996E+00 -2.3539423391E+00 +1.0000000000E-01 
+2.9001100761E+03 +3.1211177049E+02 +9.3888735552E-04 -6.6670447828E+00 -2.3937392446E+00 +1.0000000000E-01 
+2.9549113970E+03 +3.1233753974E+02 +9.4119104437E-04 -6.5442910834E+00 -2.4025325785E+00 +1.0000000000E-01 
+3.0103703338E+03 +3.1254232997E+02 +9.4772263016E-04 -6.4120751552E+00 -2.3605258769E+00 +1.0000000000E-01 
+3.0664947778E+03 +3.1275305715E+02 +9.5433259498E-04 -6.2782726359E+00 -2.3180150949E+00 +1.0000000000E-01 
+3.1232927151E+03 +3.1296993369E+02 +9.6102187938E-04 -6.1428644863E+00 -2.2749941835E+00 +1.0000000000E-01 
+3.1807722277E+03 +3.1318602096E+02 +9.6685308097E-04 -6.0091111775E+00 -2.2104942775E+00 +1.0000000000E-01 
+3.2389414944E+03 +3.1337923882E+02 +9.6892627029E-04 -5.8871324198E+00 -2.0597035154E+00 +1.0000000000E-01 
+3.2978087923E+03 +3.1357855837E+02 +9.7102433789E-04 -5.7636899170E+00 -1.9071032640E+00 +1.0000000000E-01 
+3.3573824978E+03 +3.1378421001E+02 +9.7314758229E-04 -5.6387661042E+00 -1.7526718096E+00 +1.0000000000E-01 
+3.4176710878E+03 +3.1399598813E+02 +9.7524466018E-04 -5.5130916017E+00 -1.5958179969E+00 +1.0000000000E-01 
+3.4786831409E+03 +3.1418103442E+02 +9.7350523635E-04 -5.4418685546E+00 -1.3945227758E+00 +1.0000000000E-01 
+3.5404273386E+03 +3.1437243679E+02 +9.7174493943E-04 -5.3697908310E+00 -1.1908120120E+00 +1.0000000000E-01 
+3.6029124666E+03 +3.1457044758E+02 +9.6996351895E-04 -5.2968481747E+00 -9.8465671908E-01 +1.0000000000E-01 
+3.6661474162E+03 +3.1477533117E+02 +9.6816072143E-04 -5.2230302065E+00 -7.7602756264E-01 +1.0000000000E-01 
+3.7301411852E+03 +3.1495241119E+02 +9.6383203635E-04 -5.1645847358E+00 -6.2446753920E-01 +1.0000000000E-01 
+3.7949028794E+03 +3.1512930204E+02 +9.5896091766E-04 -5.1086223131E+00 -4.8275684890E-01 +1.0000000000E-01 
+3.8604417140E+03 +3.1531301276E+02 +9.5403134554E-04 -5.0519883413E+00 -3.3934563031E-01 +1.0000000000E-01 
+3.9267670146E+03 +3.1550383222E+02 +9.4904261856E-04 -4.9946747618E+00 -1.9421347710E-01 +1.0000000000E-01 
+3.9938882187E+03 +3.1567761643E+02 +9.3577541347E-04 -4.8802525290E+00 -1.7452778795E-01 +1.0000000000E-01 
+4.0618148774E+03 +3.1584664910E+02 +9.1836868003E-04 -4.7371322665E+00 -2.1620377713E-01 +1.0000000000E-01 
+4.1305566559E+03 +3.1602286890E+02 +9.0075306579E-04 -4.5922945609E+00 -2.5837987818E-01 +1.0000000000E-01 
+4.2001233358E+03 +3.1620659564E+02 +8.8292606418E-04 -4.4457188027E+00 -3.0106209244E-01 +1.0000000000E-01 
+4.2705248158E+03 +3.1641906329E+02 +8.5580260301E-04 -4.2420147360E+00 -4.2110033061E-01 +1.0000000000E-01 
+4.3417711136E+03 +3.1665846630E+02 +8.2028316492E-04 -3.9866664698E+00 -6.1086038273E-01 +1.0000000000E-01 
+4.4138723669E+03 +3.1690680025E+02 +7.8433749357E-04 -3.7282540244E+00 -8.0289755548E-01 +1.0000000000E-01 
+4.4868388354E+03 +3.1716445220E+02 +7.4796047417E-04 -3.4667406297E+00 -9.9723917430E-01 +1.0000000000E-01 
+4.5606809014E+03 +3.1749679554E+02 +7.0578345207E-04 -3.1669645146E+00 -1.1861559397E+00 +1.0000000000E-01 
+4.6354090722E+03 +3.1793686836E+02 +6.5513510437E-04 -2.8114282608E+00 -1.3658200011E+00 +1.0000000000E-01 
+4.7110339811E+03 +3.1838995834E+02 +6.0387897650E-04 -2.4516255720E+00 -1.5476400312E+00 +1.0000000000E-01 
+4.7875663888E+03 +3.1885658349E+02 +5.5200777510E-04 -2.0875052509E+00 -1.7316419016E+00 +1.0000000000E-01 
+4.8650171855E+03 +3.1933829374E+02 +5.0557192840E-04 -1.7199924812E+00 -1.9030589383E+00 +1.0000000000E-01 
+4.9433973917E+03 +3.1983685051E+02 +4.7354977957E-04 -1.3504840491E+00 -2.0399747482E+00 +1.0000000000E-01 
+5.0227181604E+03 +3.2035021094E+02 +4.4114336495E-04 -9.7654151577E-01 -2.1785335478E+00 +1.0000000000E-01 
+5.1029907784E+03 +3.2087897527E+02 +4.0834807336E-04 -5.9811167208E-01 -2.3187550531E+00 +1.0000000000E-01 
