Schiphol_10km (52.31N, 4.76E): 2016-05-04 00:00:00 to 2016-05-05 00:00:00
      z (m)            thl (K)        qt (kg kg-1)        u (m s-1)         v (m s-1)       tke (m2 s-2)    
+1.0024089399E+01 +2.7615948362E+02 +4.9910787493E-03 +3.8859152794E-01 +1.3046011925E+00 +1.0000000000E-01 
+3.0074783933E+01 +2.7752319833E+02 +5.1260711753E-03 +1.3683821244E+00 +2.4745615579E+00 +1.0000000000E-01 
+5.0130772545E+01 +2.7881713990E+02 +5.2558476216E-03 +2.1837190281E+00 +3.2062912652E+00 +1.0000000000E-01 
+7.0192607838E+01 +2.7976463231E+02 +5.3472816721E-03 +2.8523539954E+00 +3.5986061844E+00 +1.0000000000E-01 
+9.0260900036E+01 +2.8032792535E+02 +5.3723583240E-03 +3.3628124095E+00 +3.7288248310E+00 +1.0000000000E-01 
+1.1033632298E+02 +2.8058501184E+02 +5.2819986875E-03 +3.5848064496E+00 +3.5419902902E+00 +1.0000000000E-01 
+1.3041962076E+02 +2.8076409201E+02 +5.1325427024E-03 +3.6119869082E+00 +3.2904907265E+00 +1.0000000000E-01 
+1.5051161499E+02 +2.8092606436E+02 +4.9686137078E-03 +3.5989192972E+00 +3.0349333537E+00 +1.0000000000E-01 
+1.7061321289E+02 +2.8108123217E+02 +4.7976162292E-03 +3.5721905092E+00 +2.7868611608E+00 +1.0000000000E-01 
+1.9072541615E+02 +2.8121968204E+02 +4.6487907384E-03 +3.5412721999E+00 +2.5576034255E+00 +1.0000000000E-01 
+2.1084933076E+02 +2.8135062793E+02 +4.5138757163E-03 +3.5118926981E+00 +2.3374909484E+00 +1.0000000000E-01 
+2.3098617782E+02 +2.8146442735E+02 +4.4116614730E-03 +3.4880429235E+00 +2.1377746041E+00 +1.0000000000E-01 
+2.5113730546E+02 +2.8156729700E+02 +4.3300892757E-03 +3.4733331166E+00 +1.9537931946E+00 +1.0000000000E-01 
+2.7130420200E+02 +2.8165866192E+02 +4.2701601531E-03 +3.4682073599E+00 +1.7863049832E+00 +1.0000000000E-01 
+2.9148851045E+02 +2.8173888906E+02 +4.2269600579E-03 +3.4744674680E+00 +1.6405207605E+00 +1.0000000000E-01 
+3.1169204450E+02 +2.8181068830E+02 +4.1965749017E-03 +3.4894598707E+00 +1.5113363300E+00 +1.0000000000E-01 
+3.3191680614E+02 +2.8187313839E+02 +4.1759932240E-03 +3.5152410193E+00 +1.4114368623E+00 +1.0000000000E-01 
+3.5216500503E+02 +2.8192546506E+02 +4.1659713204E-03 +3.5526445851E+00 +1.3430804803E+00 +1.0000000000E-01 
+3.7243907997E+02 +2.8197551843E+02 +4.1570045629E-03 +3.5914304556E+00 +1.2847097936E+00 +1.0000000000E-01 
+3.9274172236E+02 +2.8201626484E+02 +4.1518094884E-03 +3.6349998265E+00 +1.2619509431E+00 +1.0000000000E-01 
+4.1307590215E+02 +2.8205748380E+02 +4.1466063441E-03 +3.6786368765E+00 +1.2391567398E+00 +1.0000000000E-01 
+4.3344489638E+02 +2.8210454724E+02 +4.1330125233E-03 +3.6565161234E+00 +1.1690277530E+00 +1.0000000000E-01 
+4.5385232056E+02 +2.8215374506E+02 +4.1168555356E-03 +3.6144233186E+00 +1.0844480069E+00 +1.0000000000E-01 
+4.7430216316E+02 +2.8220379984E+02 +4.0989704935E-03 +3.5635678560E+00 +9.9650722714E-01 +1.0000000000E-01 
+4.9479882356E+02 +2.8225699552E+02 +4.0676020204E-03 +3.4437746132E+00 +8.8309623518E-01 +1.0000000000E-01 
+5.1534715367E+02 +2.8231076231E+02 +4.0361544710E-03 +3.3236793855E+00 +7.6939934717E-01 +1.0000000000E-01 
+5.3595250374E+02 +2.8236400026E+02 +4.0030897042E-03 +3.2033467473E+00 +6.5601644262E-01 +1.0000000000E-01 
+5.5662077250E+02 +2.8241434015E+02 +3.9651419996E-03 +3.0829462397E+00 +5.4425481527E-01 +1.0000000000E-01 
+5.7735846219E+02 +2.8246529084E+02 +3.9270668356E-03 +2.9621413289E+00 +4.3211780105E-01 +1.0000000000E-01 
+5.9817273888E+02 +2.8251513471E+02 +3.8889411095E-03 +2.8433945878E+00 +3.2070486420E-01 +1.0000000000E-01 
+6.1907149840E+02 +2.8255596271E+02 +3.8511598071E-03 +2.7380472843E+00 +2.1514882676E-01 +1.0000000000E-01 
+6.4006343856E+02 +2.8259741165E+02 +3.8132100504E-03 +2.6322302721E+00 +1.0912214996E-01 +1.0000000000E-01 
+6.6115813793E+02 +2.8263950943E+02 +3.7750745229E-03 +2.5258952671E+00 +2.5764541019E-03 +1.0000000000E-01 
+6.8236614184E+02 +2.8266576488E+02 +3.7459773852E-03 +2.4471915853E+00 -8.7282900780E-02 +1.0000000000E-01 
+7.0369905608E+02 +2.8268951658E+02 +3.7184363620E-03 +2.3732951894E+00 -1.7444599852E-01 +1.0000000000E-01 
+7.2516964883E+02 +2.8271385655E+02 +3.6907175943E-03 +2.2989218803E+00 -2.6217163008E-01 +1.0000000000E-01 
+7.4679196136E+02 +2.8273392155E+02 +3.6666563464E-03 +2.2339001561E+00 -3.4560442586E-01 +1.0000000000E-01 
+7.6858142802E+02 +2.8274421024E+02 +3.6505758869E-03 +2.1893091667E+00 -4.1927025229E-01 +1.0000000000E-01 
+7.9055500606E+02 +2.8275502029E+02 +3.6343595546E-03 +2.1443414031E+00 -4.9355852245E-01 +1.0000000000E-01 
+8.1273131570E+02 +2.8276637541E+02 +3.6179936080E-03 +2.0989587601E+00 -5.6853218757E-01 +1.0000000000E-01 
+8.3513079089E+02 +2.8277471904E+02 +3.6048583681E-03 +2.0651820192E+00 -6.4592569972E-01 +1.0000000000E-01 
+8.5777584107E+02 +2.8278132629E+02 +3.5937446395E-03 +2.0387282521E+00 -7.2522984873E-01 +1.0000000000E-01 
+8.8069102417E+02 +2.8278848061E+02 +3.5824983352E-03 +2.0119589179E+00 -8.0548001733E-01 +1.0000000000E-01 
+9.0390323081E+02 +2.8279621137E+02 +3.5711062579E-03 +1.9848426031E+00 -8.8677037785E-01 +1.0000000000E-01 
+9.2744187965E+02 +2.8280326555E+02 +3.5625161921E-03 +1.9728497162E+00 -9.7529390934E-01 +1.0000000000E-01 
+9.5133912352E+02 +2.8281051978E+02 +3.5547564847E-03 +1.9657053245E+00 -1.0671421858E+00 +1.0000000000E-01 
+9.7563006548E+02 +2.8281842265E+02 +3.5468689391E-03 +1.9584432316E+00 -1.1605036280E+00 +1.0000000000E-01 
+1.0003529839E+03 +2.8282701804E+02 +3.5388411257E-03 +1.9510519938E+00 -1.2555253577E+00 +1.0000000000E-01 
+1.0255495650E+03 +2.8283654525E+02 +3.5358998939E-03 +1.9621806357E+00 -1.3606623836E+00 +1.0000000000E-01 
+1.0512651404E+03 +2.8284690783E+02 +3.5340702328E-03 +1.9777126490E+00 -1.4698203556E+00 +1.0000000000E-01 
+1.0775489281E+03 +2.8285812645E+02 +3.5322001435E-03 +1.9935878581E+00 -1.5813902857E+00 +1.0000000000E-01 
+1.1044542713E+03 +2.8287027244E+02 +3.5302858305E-03 +2.0098384821E+00 -1.6955986072E+00 +1.0000000000E-01 
+1.1320388739E+03 +2.8288604550E+02 +3.5349139938E-03 +2.0472128929E+00 -1.8219026412E+00 +1.0000000000E-01 
+1.1603650240E+03 +2.8290333811E+02 +3.5405663780E-03 +2.0884199213E+00 -1.9528597749E+00 +1.0000000000E-01 
+1.1894998017E+03 +2.8292191099E+02 +3.5463801210E-03 +2.1308032883E+00 -2.0875553470E+00 +1.0000000000E-01 
+1.2195152632E+03 +2.8294211483E+02 +3.5524030003E-03 +2.1750148520E+00 -2.2267038425E+00 +1.0000000000E-01 
+1.2504885918E+03 +2.8297075286E+02 +3.5596288072E-03 +2.2371917940E+00 -2.3818335722E+00 +1.0000000000E-01 
+1.2825022073E+03 +2.8300132435E+02 +3.5670973039E-03 +2.3014570443E+00 -2.5421735722E+00 +1.0000000000E-01 
+1.3156438219E+03 +2.8303402406E+02 +3.5748289530E-03 +2.3679866795E+00 -2.7081631494E+00 +1.0000000000E-01 
+1.3500064321E+03 +2.8307200781E+02 +3.5761027998E-03 +2.4389473703E+00 -2.8823443496E+00 +1.0000000000E-01 
+1.3856882320E+03 +2.8311831169E+02 +3.5645224038E-03 +2.5164212837E+00 -3.0671856973E+00 +1.0000000000E-01 
+1.4227924367E+03 +2.8316781332E+02 +3.5524803715E-03 +2.5969835857E+00 -3.2593954851E+00 +1.0000000000E-01 
+1.4614270006E+03 +2.8322083865E+02 +3.5399416668E-03 +2.6808686719E+00 -3.4595329467E+00 +1.0000000000E-01 
+1.5017042195E+03 +2.8328165727E+02 +3.4907103230E-03 +2.7571513298E+00 -3.6240980195E+00 +1.0000000000E-01 
+1.5437402025E+03 +2.8334750346E+02 +3.4337609851E-03 +2.8350450535E+00 -3.7890608780E+00 +1.0000000000E-01 
+1.5876542056E+03 +2.8341824581E+02 +3.3742673506E-03 +2.9164187955E+00 -3.9613936980E+00 +1.0000000000E-01 
+1.6335678191E+03 +2.8352619658E+02 +3.2951382868E-03 +2.9968755130E+00 -4.0846076607E+00 +1.0000000000E-01 
+1.6816040049E+03 +2.8366240533E+02 +3.2013058336E-03 +3.0780354172E+00 -4.1763447816E+00 +1.0000000000E-01 
+1.7318859862E+03 +2.8380778937E+02 +3.1030865102E-03 +3.1629897226E+00 -4.2723708115E+00 +1.0000000000E-01 
+1.7845359975E+03 +2.8400207240E+02 +2.9888884059E-03 +3.2145288433E+00 -4.3269413559E+00 +1.0000000000E-01 
+1.8396739067E+03 +2.8423929548E+02 +2.8605055016E-03 +3.2395393234E+00 -4.3484988209E+00 +1.0000000000E-01 
+1.8974157331E+03 +2.8449180753E+02 +2.7260596462E-03 +3.2657309367E+00 -4.3710743486E+00 +1.0000000000E-01 
+1.9578720880E+03 +2.8474914264E+02 +2.5906623545E-03 +3.2795340834E+00 -4.3666551994E+00 +1.0000000000E-01 
+2.0211465748E+03 +2.8501891207E+02 +2.4510139086E-03 +3.2887542672E+00 -4.3512639831E+00 +1.0000000000E-01 
+2.0873341893E+03 +2.8530835015E+02 +2.3044333131E-03 +3.3002829118E+00 -4.3378547087E+00 +1.0000000000E-01 
+2.1565197674E+03 +2.8564800202E+02 +2.1426331554E-03 +3.3444833149E+00 -4.3697517410E+00 +1.0000000000E-01 
+2.2287765305E+03 +2.8600944483E+02 +1.9736506019E-03 +3.3906457975E+00 -4.4030646996E+00 +1.0000000000E-01 
+2.3041647765E+03 +2.8642509723E+02 +1.7874291012E-03 +3.5067391589E+00 -4.4400457768E+00 +1.0000000000E-01 
+2.3827307665E+03 +2.8689504848E+02 +1.5842879365E-03 +3.6898643952E+00 -4.4806204042E+00 +1.0000000000E-01 
+2.4645058475E+03 +2.8739209039E+02 +1.3749291535E-03 +3.8985490006E+00 -4.5023516244E+00 +1.0000000000E-01 
+2.5495058475E+03 +2.8790723781E+02 +1.1744733385E-03 +4.2646243121E+00 -4.3558029938E+00 +1.0000000000E-01 
+2.6377307665E+03 +2.8845282742E+02 +9.6641218507E-04 +4.6445886028E+00 -4.2036942753E+00 +1.0000000000E-01 
+2.7291647765E+03 +2.8895405644E+02 +7.9941572205E-04 +5.0140169970E+00 -3.9900876804E+00 +1.0000000000E-01 
+2.8237765305E+03 +2.8946276175E+02 +6.4073286275E-04 +5.3892142359E+00 -3.7528113104E+00 +1.0000000000E-01 
+2.9215197674E+03 +2.9000423717E+02 +5.0154411257E-04 +5.7505033253E+00 -3.6025943693E+00 +1.0000000000E-01 
+3.0223341893E+03 +2.9057947404E+02 +3.8222077787E-04 +6.0973577164E+00 -3.5406243180E+00 +1.0000000000E-01 
+3.1261465748E+03 +2.9120537975E+02 +2.8345971125E-04 +6.3745998069E+00 -3.8051182202E+00 +1.0000000000E-01 
+3.2328720880E+03 +2.9191218504E+02 +2.4373193798E-04 +6.4547389805E+00 -4.9186084662E+00 +1.0000000000E-01 
+3.3424157331E+03 +2.9265025530E+02 +2.0920040363E-04 +6.5591762237E+00 -6.0721567471E+00 +1.0000000000E-01 
+3.4546739067E+03 +2.9336449493E+02 +2.4419509693E-04 +6.9161842299E+00 -7.3743780617E+00 +1.0000000000E-01 
+3.5695359975E+03 +2.9411497317E+02 +2.8000151984E-04 +7.2814733192E+00 -8.7068054301E+00 +1.0000000000E-01 
+3.6868859862E+03 +2.9495930352E+02 +2.8754974006E-04 +7.9296349143E+00 -1.0002925834E+01 +1.0000000000E-01 
+3.8066040049E+03 +2.9585019182E+02 +2.9162087347E-04 +8.6252476824E+00 -1.1317054614E+01 +1.0000000000E-01 
+3.9285678191E+03 +2.9672460713E+02 +2.6919994554E-04 +9.2372371924E+00 -1.2481920155E+01 +1.0000000000E-01 
+4.0526542056E+03 +2.9761260309E+02 +2.3441042289E-04 +9.8162925650E+00 -1.3588648472E+01 +1.0000000000E-01 
+4.1787402025E+03 +2.9851781604E+02 +2.0919155843E-04 +1.0302488596E+01 -1.4611504463E+01 +1.0000000000E-01 
+4.3067042195E+03 +2.9943702039E+02 +1.9497332920E-04 +1.0681178057E+01 -1.5535390492E+01 +1.0000000000E-01 
+4.4364270006E+03 +3.0036689964E+02 +1.9013384031E-04 +1.1049913927E+01 -1.6461669597E+01 +1.0000000000E-01 
+4.5677924367E+03 +3.0123356400E+02 +2.1865771996E-04 +1.1370399133E+01 -1.7363701864E+01 +1.0000000000E-01 
+4.7006882320E+03 +3.0213841220E+02 +2.4751389238E-04 +1.1694617875E+01 -1.8276242476E+01 +1.0000000000E-01 
+4.8350064321E+03 +3.0299539237E+02 +2.9988671857E-04 +1.1941443233E+01 -1.9278337227E+01 +1.0000000000E-01 
+4.9706438219E+03 +3.0388358163E+02 +3.5444619640E-04 +1.2184865992E+01 -2.0296023124E+01 +1.0000000000E-01 
+5.1075022073E+03 +3.0470868070E+02 +4.0829641320E-04 +1.2387368316E+01 -2.1152807828E+01 +1.0000000000E-01 
+5.2454885918E+03 +3.0549949133E+02 +4.6175692825E-04 +1.2561603563E+01 -2.1898565517E+01 +1.0000000000E-01 
+5.3845152632E+03 +3.0629862885E+02 +5.1178366753E-04 +1.2711905105E+01 -2.2600562717E+01 +1.0000000000E-01 
+5.5244998017E+03 +3.0701155574E+02 +5.4562934539E-04 +1.2754498481E+01 -2.3094697588E+01 +1.0000000000E-01 
+5.6653650240E+03 +3.0775957839E+02 +5.7968795633E-04 +1.2797359825E+01 -2.3591941207E+01 +1.0000000000E-01 
+5.8070388739E+03 +3.0842338382E+02 +5.8989685796E-04 +1.2749862455E+01 -2.4175113333E+01 +1.0000000000E-01 
+5.9494542713E+03 +3.0907388723E+02 +5.9071363436E-04 +1.2666524673E+01 -2.4793971469E+01 +1.0000000000E-01 
+6.0925489281E+03 +3.0971667451E+02 +5.8781172459E-04 +1.2598653744E+01 -2.5412303752E+01 +1.0000000000E-01 
+6.2362651404E+03 +3.1018685048E+02 +5.6694346977E-04 +1.2607000545E+01 -2.6016549963E+01 +1.0000000000E-01 
+6.3805495650E+03 +3.1068922234E+02 +5.4599270792E-04 +1.2615380348E+01 -2.6623185189E+01 +1.0000000000E-01 
+6.5253529839E+03 +3.1111566668E+02 +5.1845209821E-04 +1.2789085375E+01 -2.7128638410E+01 +1.0000000000E-01 
+6.6706300655E+03 +3.1148124062E+02 +4.8533606124E-04 +1.3102540652E+01 -2.7548710202E+01 +1.0000000000E-01 
+6.8163391235E+03 +3.1187873140E+02 +4.5212155486E-04 +1.3416927977E+01 -2.7970031064E+01 +1.0000000000E-01 
+6.9624418796E+03 +3.1220654467E+02 +4.1586395605E-04 +1.3892177480E+01 -2.8246995000E+01 +1.0000000000E-01 
+7.1089032308E+03 +3.1254413346E+02 +3.7889658241E-04 +1.4402227579E+01 -2.8494056086E+01 +1.0000000000E-01 
+7.2556910242E+03 +3.1291348760E+02 +3.4184512016E-04 +1.4911245014E+01 -2.8741569144E+01 +1.0000000000E-01 
+7.4027758411E+03 +3.1324281791E+02 +3.0460508302E-04 +1.5275752836E+01 -2.8982962268E+01 +1.0000000000E-01 
+7.5501307909E+03 +3.1360480787E+02 +2.6729665159E-04 +1.5640930106E+01 -2.9224798729E+01 +1.0000000000E-01 
+7.6977313157E+03 +3.1399057435E+02 +2.3089336257E-04 +1.5978560328E+01 -2.9480355205E+01 +1.0000000000E-01 
+7.8455550061E+03 +3.1431287067E+02 +2.0322536759E-04 +1.6060841825E+01 -2.9857313705E+01 +1.0000000000E-01 
+7.9935814280E+03 +3.1466889953E+02 +1.7551942756E-04 +1.6143236166E+01 -3.0234789182E+01 +1.0000000000E-01 
+8.1417919614E+03 +3.1504831052E+02 +1.4884874352E-04 +1.6215616550E+01 -3.0622812110E+01 +1.0000000000E-01 
+8.2901696488E+03 +3.1530021672E+02 +1.3628328669E-04 +1.6154399215E+01 -3.1144443528E+01 +1.0000000000E-01 
+8.4386990561E+03 +3.1558600393E+02 +1.2370498138E-04 +1.6093119283E+01 -3.1666608327E+01 +1.0000000000E-01 
+8.5873661418E+03 +3.1590764667E+02 +1.1111501669E-04 +1.6031782548E+01 -3.2189257144E+01 +1.0000000000E-01 
+8.7361581379E+03 +3.1614337326E+02 +1.0365940657E-04 +1.6026564089E+01 -3.2724115489E+01 +1.0000000000E-01 
+8.8850634386E+03 +3.1640297175E+02 +9.6650081740E-05 +1.6026275960E+01 -3.3260415111E+01 +1.0000000000E-01 
+9.0340714984E+03 +3.1669913739E+02 +8.9635919790E-05 +1.6025987633E+01 -3.3797084831E+01 +1.0000000000E-01 
+9.1831727389E+03 +3.1696183830E+02 +8.3194272064E-05 +1.6133571342E+01 -3.4084825173E+01 +1.0000000000E-01 
+9.3323584622E+03 +3.1721963094E+02 +7.7078817720E-05 +1.6302892039E+01 -3.4230211095E+01 +1.0000000000E-01 
+9.4816207725E+03 +3.1751489677E+02 +7.0960223905E-05 +1.6472299660E+01 -3.4375671654E+01 +1.0000000000E-01 
+9.6309525037E+03 +3.1784581448E+02 +6.4789750243E-05 +1.6699594319E+01 -3.4447120132E+01 +1.0000000000E-01 
+9.7803471537E+03 +3.1820047579E+02 +5.8431612875E-05 +1.7145163762E+01 -3.4239008103E+01 +1.0000000000E-01 
+9.9297988236E+03 +3.1859465474E+02 +5.2071048775E-05 +1.7590903266E+01 -3.4030816643E+01 +1.0000000000E-01 
+1.0079302163E+04 +3.1903073322E+02 +4.5708285646E-05 +1.8036796876E+01 -3.3822553205E+01 +1.0000000000E-01 
+1.0228852321E+04 +3.1977820042E+02 +4.1314294993E-05 +1.8700834693E+01 -3.3498014609E+01 +1.0000000000E-01 
+1.0378444896E+04 +3.2073478339E+02 +3.8114269649E-05 +1.9497274285E+01 -3.3102906016E+01 +1.0000000000E-01 
+1.0528075902E+04 +3.2174139051E+02 +3.4913422226E-05 +2.0293918481E+01 -3.2707695920E+01 +1.0000000000E-01 
+1.0677741722E+04 +3.2280097375E+02 +3.1711830067E-05 +2.1090748031E+01 -3.2312393870E+01 +1.0000000000E-01 
+1.0827439080E+04 +3.2461775132E+02 +2.9076252700E-05 +2.0806792356E+01 -3.2068351238E+01 +1.0000000000E-01 
+1.0977165005E+04 +3.2662752759E+02 +2.6545643743E-05 +2.0321597152E+01 -3.1852429707E+01 +1.0000000000E-01 
+1.1126916806E+04 +3.2870358302E+02 +2.4014597438E-05 +1.9836318095E+01 -3.1636470861E+01 +1.0000000000E-01 
+1.1276692045E+04 +3.3084968702E+02 +2.1483155006E-05 +1.9350963088E+01 -3.1420478215E+01 +1.0000000000E-01 
+1.1426488510E+04 +3.3305249173E+02 +1.9408264523E-05 +1.8505960855E+01 -3.0034237282E+01 +1.0000000000E-01 
+1.1576304202E+04 +3.3531898201E+02 +1.7441225649E-05 +1.7575763813E+01 -2.8370912064E+01 +1.0000000000E-01 
+1.1726137305E+04 +3.3765588173E+02 +1.5473958162E-05 +1.6645458662E+01 -2.6707393531E+01 +1.0000000000E-01 
+1.1875986178E+04 +3.4006716029E+02 +1.3506483634E-05 +1.5715055602E+01 -2.5043699924E+01 +1.0000000000E-01 
+1.2025849331E+04 +3.4293749966E+02 +1.1736897786E-05 +1.5001846203E+01 -2.3559338497E+01 +1.0000000000E-01 
+1.2175725416E+04 +3.4637724638E+02 +1.0221284644E-05 +1.4567341543E+01 -2.2305129850E+01 +1.0000000000E-01 
+1.2325613213E+04 +3.4990201189E+02 +8.7055530716E-06 +1.4132802931E+01 -2.1050823198E+01 +1.0000000000E-01 
+1.2475511615E+04 +3.5351634443E+02 +7.1897142532E-06 +1.3698233574E+01 -1.9796427798E+01 +1.0000000000E-01 
+1.2625419621E+04 +3.5722516138E+02 +5.6737783183E-06 +1.3263636374E+01 -1.8541952031E+01 +1.0000000000E-01 
+1.2775336323E+04 +3.6022403220E+02 +4.8272113088E-06 +1.2252518497E+01 -1.7364984260E+01 +1.0000000000E-01 
+1.2925260900E+04 +3.6274754043E+02 +4.4368203059E-06 +1.0848478230E+01 -1.6240824293E+01 +1.0000000000E-01 
+1.3075192608E+04 +3.6534410821E+02 +4.0464107351E-06 +9.4443711847E+00 -1.5116610859E+01 +1.0000000000E-01 
+1.3225130773E+04 +3.6801770328E+02 +3.6559843512E-06 +8.0402036703E+00 -1.3992349010E+01 +1.0000000000E-01 
+1.3375074784E+04 +3.7077261336E+02 +3.2655427429E-06 +6.6359814019E+00 -1.2868043321E+01 +1.0000000000E-01 
+1.3525024089E+04 +3.7352808296E+02 +2.9229846476E-06 +5.4493323175E+00 -1.1787639653E+01 +1.0000000000E-01 
