DALES

      z (m)             var1              var2              var3        
# 0.00000000E+00
+5.0000000000E+01 +0.0000000000E+00 +1.0000000000E+00 +2.0000000000E+00 
+1.5000000000E+02 +1.0000000000E+00 +2.0000000000E+00 +3.0000000000E+00 
+2.5000000000E+02 +2.0000000000E+00 +3.0000000000E+00 +4.0000000000E+00 
+3.5000000000E+02 +3.0000000000E+00 +4.0000000000E+00 +5.0000000000E+00 
+4.5000000000E+02 +4.0000000000E+00 +5.0000000000E+00 +6.0000000000E+00 
+5.5000000000E+02 +5.0000000000E+00 +6.0000000000E+00 +7.0000000000E+00 
+6.5000000000E+02 +6.0000000000E+00 +7.0000000000E+00 +8.0000000000E+00 
+7.5000000000E+02 +7.0000000000E+00 +8.0000000000E+00 +9.0000000000E+00 
+8.5000000000E+02 +8.0000000000E+00 +9.0000000000E+00 +1.0000000000E+01 
+9.5000000000E+02 +9.0000000000E+00 +1.0000000000E+01 +1.1000000000E+01 
+1.0500000000E+03 +1.0000000000E+01 +1.1000000000E+01 +1.2000000000E+01 
+1.1500000000E+03 +1.1000000000E+01 +1.2000000000E+01 +1.3000000000E+01 
+1.2500000000E+03 +1.2000000000E+01 +1.3000000000E+01 +1.4000000000E+01 
+1.3500000000E+03 +1.3000000000E+01 +1.4000000000E+01 +1.5000000000E+01 
+1.4500000000E+03 +1.4000000000E+01 +1.5000000000E+01 +1.6000000000E+01 
+1.5500000000E+03 +1.5000000000E+01 +1.6000000000E+01 +1.7000000000E+01 
+1.6500000000E+03 +1.6000000000E+01 +1.7000000000E+01 +1.8000000000E+01 
+1.7500000000E+03 +1.7000000000E+01 +1.8000000000E+01 +1.9000000000E+01 
+1.8500000000E+03 +1.8000000000E+01 +1.9000000000E+01 +2.0000000000E+01 
+1.9500000000E+03 +1.9000000000E+01 +2.0000000000E+01 +2.1000000000E+01 
+2.0500000000E+03 +2.0000000000E+01 +2.1000000000E+01 +2.2000000000E+01 
+2.1500000000E+03 +2.1000000000E+01 +2.2000000000E+01 +2.3000000000E+01 
+2.2500000000E+03 +2.2000000000E+01 +2.3000000000E+01 +2.4000000000E+01 
+2.3500000000E+03 +2.3000000000E+01 +2.4000000000E+01 +2.5000000000E+01 
+2.4500000000E+03 +2.4000000000E+01 +2.5000000000E+01 +2.6000000000E+01 
+2.5500000000E+03 +2.5000000000E+01 +2.6000000000E+01 +2.7000000000E+01 
+2.6500000000E+03 +2.6000000000E+01 +2.7000000000E+01 +2.8000000000E+01 
+2.7500000000E+03 +2.7000000000E+01 +2.8000000000E+01 +2.9000000000E+01 
+2.8500000000E+03 +2.8000000000E+01 +2.9000000000E+01 +3.0000000000E+01 
+2.9500000000E+03 +2.9000000000E+01 +3.0000000000E+01 +3.1000000000E+01 
+3.0500000000E+03 +3.0000000000E+01 +3.1000000000E+01 +3.2000000000E+01 
+3.1500000000E+03 +3.1000000000E+01 +3.2000000000E+01 +3.3000000000E+01 

      z (m)             var1              var2              var3        
# 1.80000000E+03
+5.0000000000E+01 +3.2000000000E+01 +3.3000000000E+01 +3.4000000000E+01 
+1.5000000000E+02 +3.3000000000E+01 +3.4000000000E+01 +3.5000000000E+01 
+2.5000000000E+02 +3.4000000000E+01 +3.5000000000E+01 +3.6000000000E+01 
+3.5000000000E+02 +3.5000000000E+01 +3.6000000000E+01 +3.7000000000E+01 
+4.5000000000E+02 +3.6000000000E+01 +3.7000000000E+01 +3.8000000000E+01 
+5.5000000000E+02 +3.7000000000E+01 +3.8000000000E+01 +3.9000000000E+01 
+6.5000000000E+02 +3.8000000000E+01 +3.9000000000E+01 +4.0000000000E+01 
+7.5000000000E+02 +3.9000000000E+01 +4.0000000000E+01 +4.1000000000E+01 
+8.5000000000E+02 +4.0000000000E+01 +4.1000000000E+01 +4.2000000000E+01 
+9.5000000000E+02 +4.1000000000E+01 +4.2000000000E+01 +4.3000000000E+01 
+1.0500000000E+03 +4.2000000000E+01 +4.3000000000E+01 +4.4000000000E+01 
+1.1500000000E+03 +4.3000000000E+01 +4.4000000000E+01 +4.5000000000E+01 
+1.2500000000E+03 +4.4000000000E+01 +4.5000000000E+01 +4.6000000000E+01 
+1.3500000000E+03 +4.5000000000E+01 +4.6000000000E+01 +4.7000000000E+01 
+1.4500000000E+03 +4.6000000000E+01 +4.7000000000E+01 +4.8000000000E+01 
+1.5500000000E+03 +4.7000000000E+01 +4.8000000000E+01 +4.9000000000E+01 
+1.6500000000E+03 +4.8000000000E+01 +4.9000000000E+01 +5.0000000000E+01 
+1.7500000000E+03 +4.9000000000E+01 +5.0000000000E+01 +5.1000000000E+01 
+1.8500000000E+03 +5.0000000000E+01 +5.1000000000E+01 +5.2000000000E+01 
+1.9500000000E+03 +5.1000000000E+01 +5.2000000000E+01 +5.3000000000E+01 
+2.0500000000E+03 +5.2000000000E+01 +5.3000000000E+01 +5.4000000000E+01 
+2.1500000000E+03 +5.3000000000E+01 +5.4000000000E+01 +5.5000000000E+01 
+2.2500000000E+03 +5.4000000000E+01 +5.5000000000E+01 +5.6000000000E+01 
+2.3500000000E+03 +5.5000000000E+01 +5.6000000000E+01 +5.7000000000E+01 
+2.4500000000E+03 +5.6000000000E+01 +5.7000000000E+01 +5.8000000000E+01 
+2.5500000000E+03 +5.7000000000E+01 +5.8000000000E+01 +5.9000000000E+01 
+2.6500000000E+03 +5.8000000000E+01 +5.9000000000E+01 +6.0000000000E+01 
+2.7500000000E+03 +5.9000000000E+01 +6.0000000000E+01 +6.1000000000E+01 
+2.8500000000E+03 +6.0000000000E+01 +6.1000000000E+01 +6.2000000000E+01 
+2.9500000000E+03 +6.1000000000E+01 +6.2000000000E+01 +6.3000000000E+01 
+3.0500000000E+03 +6.2000000000E+01 +6.3000000000E+01 +6.4000000000E+01 
+3.1500000000E+03 +6.3000000000E+01 +6.4000000000E+01 +6.5000000000E+01 

      z (m)             var1              var2              var3        
# 3.60000000E+03
+5.0000000000E+01 +6.4000000000E+01 +6.5000000000E+01 +6.6000000000E+01 
+1.5000000000E+02 +6.5000000000E+01 +6.6000000000E+01 +6.7000000000E+01 
+2.5000000000E+02 +6.6000000000E+01 +6.7000000000E+01 +6.8000000000E+01 
+3.5000000000E+02 +6.7000000000E+01 +6.8000000000E+01 +6.9000000000E+01 
+4.5000000000E+02 +6.8000000000E+01 +6.9000000000E+01 +7.0000000000E+01 
+5.5000000000E+02 +6.9000000000E+01 +7.0000000000E+01 +7.1000000000E+01 
+6.5000000000E+02 +7.0000000000E+01 +7.1000000000E+01 +7.2000000000E+01 
+7.5000000000E+02 +7.1000000000E+01 +7.2000000000E+01 +7.3000000000E+01 
+8.5000000000E+02 +7.2000000000E+01 +7.3000000000E+01 +7.4000000000E+01 
+9.5000000000E+02 +7.3000000000E+01 +7.4000000000E+01 +7.5000000000E+01 
+1.0500000000E+03 +7.4000000000E+01 +7.5000000000E+01 +7.6000000000E+01 
+1.1500000000E+03 +7.5000000000E+01 +7.6000000000E+01 +7.7000000000E+01 
+1.2500000000E+03 +7.6000000000E+01 +7.7000000000E+01 +7.8000000000E+01 
+1.3500000000E+03 +7.7000000000E+01 +7.8000000000E+01 +7.9000000000E+01 
+1.4500000000E+03 +7.8000000000E+01 +7.9000000000E+01 +8.0000000000E+01 
+1.5500000000E+03 +7.9000000000E+01 +8.0000000000E+01 +8.1000000000E+01 
+1.6500000000E+03 +8.0000000000E+01 +8.1000000000E+01 +8.2000000000E+01 
+1.7500000000E+03 +8.1000000000E+01 +8.2000000000E+01 +8.3000000000E+01 
+1.8500000000E+03 +8.2000000000E+01 +8.3000000000E+01 +8.4000000000E+01 
+1.9500000000E+03 +8.3000000000E+01 +8.4000000000E+01 +8.5000000000E+01 
+2.0500000000E+03 +8.4000000000E+01 +8.5000000000E+01 +8.6000000000E+01 
+2.1500000000E+03 +8.5000000000E+01 +8.6000000000E+01 +8.7000000000E+01 
+2.2500000000E+03 +8.6000000000E+01 +8.7000000000E+01 +8.8000000000E+01 
+2.3500000000E+03 +8.7000000000E+01 +8.8000000000E+01 +8.9000000000E+01 
+2.4500000000E+03 +8.8000000000E+01 +8.9000000000E+01 +9.0000000000E+01 
+2.5500000000E+03 +8.9000000000E+01 +9.0000000000E+01 +9.1000000000E+01 
+2.6500000000E+03 +9.0000000000E+01 +9.1000000000E+01 +9.2000000000E+01 
+2.7500000000E+03 +9.1000000000E+01 +9.2000000000E+01 +9.3000000000E+01 
+2.8500000000E+03 +9.2000000000E+01 +9.3000000000E+01 +9.4000000000E+01 
+2.9500000000E+03 +9.3000000000E+01 +9.4000000000E+01 +9.5000000000E+01 
+3.0500000000E+03 +9.4000000000E+01 +9.5000000000E+01 +9.6000000000E+01 
+3.1500000000E+03 +9.5000000000E+01 +9.6000000000E+01 +9.7000000000E+01 

      z (m)             var1              var2              var3        
# 5.40000000E+03
+5.0000000000E+01 +9.6000000000E+01 +9.7000000000E+01 +9.8000000000E+01 
+1.5000000000E+02 +9.7000000000E+01 +9.8000000000E+01 +9.9000000000E+01 
+2.5000000000E+02 +9.8000000000E+01 +9.9000000000E+01 +1.0000000000E+02 
+3.5000000000E+02 +9.9000000000E+01 +1.0000000000E+02 +1.0100000000E+02 
+4.5000000000E+02 +1.0000000000E+02 +1.0100000000E+02 +1.0200000000E+02 
+5.5000000000E+02 +1.0100000000E+02 +1.0200000000E+02 +1.0300000000E+02 
+6.5000000000E+02 +1.0200000000E+02 +1.0300000000E+02 +1.0400000000E+02 
+7.5000000000E+02 +1.0300000000E+02 +1.0400000000E+02 +1.0500000000E+02 
+8.5000000000E+02 +1.0400000000E+02 +1.0500000000E+02 +1.0600000000E+02 
+9.5000000000E+02 +1.0500000000E+02 +1.0600000000E+02 +1.0700000000E+02 
+1.0500000000E+03 +1.0600000000E+02 +1.0700000000E+02 +1.0800000000E+02 
+1.1500000000E+03 +1.0700000000E+02 +1.0800000000E+02 +1.0900000000E+02 
+1.2500000000E+03 +1.0800000000E+02 +1.0900000000E+02 +1.1000000000E+02 
+1.3500000000E+03 +1.0900000000E+02 +1.1000000000E+02 +1.1100000000E+02 
+1.4500000000E+03 +1.1000000000E+02 +1.1100000000E+02 +1.1200000000E+02 
+1.5500000000E+03 +1.1100000000E+02 +1.1200000000E+02 +1.1300000000E+02 
+1.6500000000E+03 +1.1200000000E+02 +1.1300000000E+02 +1.1400000000E+02 
+1.7500000000E+03 +1.1300000000E+02 +1.1400000000E+02 +1.1500000000E+02 
+1.8500000000E+03 +1.1400000000E+02 +1.1500000000E+02 +1.1600000000E+02 
+1.9500000000E+03 +1.1500000000E+02 +1.1600000000E+02 +1.1700000000E+02 
+2.0500000000E+03 +1.1600000000E+02 +1.1700000000E+02 +1.1800000000E+02 
+2.1500000000E+03 +1.1700000000E+02 +1.1800000000E+02 +1.1900000000E+02 
+2.2500000000E+03 +1.1800000000E+02 +1.1900000000E+02 +1.2000000000E+02 
+2.3500000000E+03 +1.1900000000E+02 +1.2000000000E+02 +1.2100000000E+02 
+2.4500000000E+03 +1.2000000000E+02 +1.2100000000E+02 +1.2200000000E+02 
+2.5500000000E+03 +1.2100000000E+02 +1.2200000000E+02 +1.2300000000E+02 
+2.6500000000E+03 +1.2200000000E+02 +1.2300000000E+02 +1.2400000000E+02 
+2.7500000000E+03 +1.2300000000E+02 +1.2400000000E+02 +1.2500000000E+02 
+2.8500000000E+03 +1.2400000000E+02 +1.2500000000E+02 +1.2600000000E+02 
+2.9500000000E+03 +1.2500000000E+02 +1.2600000000E+02 +1.2700000000E+02 
+3.0500000000E+03 +1.2600000000E+02 +1.2700000000E+02 +1.2800000000E+02 
+3.1500000000E+03 +1.2700000000E+02 +1.2800000000E+02 +1.2900000000E+02 

      z (m)             var1              var2              var3        
# 7.20000000E+03
+5.0000000000E+01 +1.2800000000E+02 +1.2900000000E+02 +1.3000000000E+02 
+1.5000000000E+02 +1.2900000000E+02 +1.3000000000E+02 +1.3100000000E+02 
+2.5000000000E+02 +1.3000000000E+02 +1.3100000000E+02 +1.3200000000E+02 
+3.5000000000E+02 +1.3100000000E+02 +1.3200000000E+02 +1.3300000000E+02 
+4.5000000000E+02 +1.3200000000E+02 +1.3300000000E+02 +1.3400000000E+02 
+5.5000000000E+02 +1.3300000000E+02 +1.3400000000E+02 +1.3500000000E+02 
+6.5000000000E+02 +1.3400000000E+02 +1.3500000000E+02 +1.3600000000E+02 
+7.5000000000E+02 +1.3500000000E+02 +1.3600000000E+02 +1.3700000000E+02 
+8.5000000000E+02 +1.3600000000E+02 +1.3700000000E+02 +1.3800000000E+02 
+9.5000000000E+02 +1.3700000000E+02 +1.3800000000E+02 +1.3900000000E+02 
+1.0500000000E+03 +1.3800000000E+02 +1.3900000000E+02 +1.4000000000E+02 
+1.1500000000E+03 +1.3900000000E+02 +1.4000000000E+02 +1.4100000000E+02 
+1.2500000000E+03 +1.4000000000E+02 +1.4100000000E+02 +1.4200000000E+02 
+1.3500000000E+03 +1.4100000000E+02 +1.4200000000E+02 +1.4300000000E+02 
+1.4500000000E+03 +1.4200000000E+02 +1.4300000000E+02 +1.4400000000E+02 
+1.5500000000E+03 +1.4300000000E+02 +1.4400000000E+02 +1.4500000000E+02 
+1.6500000000E+03 +1.4400000000E+02 +1.4500000000E+02 +1.4600000000E+02 
+1.7500000000E+03 +1.4500000000E+02 +1.4600000000E+02 +1.4700000000E+02 
+1.8500000000E+03 +1.4600000000E+02 +1.4700000000E+02 +1.4800000000E+02 
+1.9500000000E+03 +1.4700000000E+02 +1.4800000000E+02 +1.4900000000E+02 
+2.0500000000E+03 +1.4800000000E+02 +1.4900000000E+02 +1.5000000000E+02 
+2.1500000000E+03 +1.4900000000E+02 +1.5000000000E+02 +1.5100000000E+02 
+2.2500000000E+03 +1.5000000000E+02 +1.5100000000E+02 +1.5200000000E+02 
+2.3500000000E+03 +1.5100000000E+02 +1.5200000000E+02 +1.5300000000E+02 
+2.4500000000E+03 +1.5200000000E+02 +1.5300000000E+02 +1.5400000000E+02 
+2.5500000000E+03 +1.5300000000E+02 +1.5400000000E+02 +1.5500000000E+02 
+2.6500000000E+03 +1.5400000000E+02 +1.5500000000E+02 +1.5600000000E+02 
+2.7500000000E+03 +1.5500000000E+02 +1.5600000000E+02 +1.5700000000E+02 
+2.8500000000E+03 +1.5600000000E+02 +1.5700000000E+02 +1.5800000000E+02 
+2.9500000000E+03 +1.5700000000E+02 +1.5800000000E+02 +1.5900000000E+02 
+3.0500000000E+03 +1.5800000000E+02 +1.5900000000E+02 +1.6000000000E+02 
+3.1500000000E+03 +1.5900000000E+02 +1.6000000000E+02 +1.6100000000E+02 
